0,0,0,0,0,0,0,0,0,0,0,0,0,0,0,0,0,0,0,0,0,0,0,0,0,0,0,0,0,0,0,0,0,0,0,0,0,0,0,0,0,0,0,0,0,0,0,0,0,0,0,0,0,0,0,0,0,0,0,0,0,0,0,0,0,0,0,0,0,0,0,0,0,0,0,0,0,0,0,0,0,0,0,0,0,0,0,0,0,0,0,0,0,0,0,0,0,0,0,0,0,0,0,0,0,0,0,0,0,0,0,0,0,0,0,0,0,0,0,0,0,0,0,0,0,0,0,0,0,0,0,0,0,0,0,0,0,0,0,0,0,0,0,0,0,0,0,0,0,0,0,0,0,0,0,0,0,0,0,0,0
0,-0.00154128,-0.00308019,-0.00461434,-0.00614138,-0.00765896,-0.00916472,-0.0106563,-0.0121315,-0.013588,-0.0150236,-0.016436,-0.017823,-0.0191825,-0.0205125,-0.0218109,-0.0230756,-0.0243047,-0.0254964,-0.0266487,-0.02776,-0.0288284,-0.0298524,-0.0308304,-0.0317608,-0.0326423,-0.0334734,-0.0342529,-0.0349796,-0.0356524,-0.0362701,-0.036832,-0.0373371,-0.0377846,-0.0381738,-0.0385042,-0.0387752,-0.0389864,-0.0391375,-0.0392282,-0.0392585,-0.0392282,-0.0391375,-0.0389864,-0.0387752,-0.0385042,-0.0381738,-0.0377846,-0.0373371,-0.036832,-0.0362701,-0.0356524,-0.0349796,-0.0342529,-0.0334734,-0.0326423,-0.0317608,-0.0308304,-0.0298524,-0.0288284,-0.02776,-0.0266487,-0.0254964,-0.0243047,-0.0230756,-0.0218109,-0.0205125,-0.0191825,-0.017823,-0.016436,-0.0150236,-0.013588,-0.0121315,-0.0106563,-0.00916472,-0.00765896,-0.00614138,-0.00461434,-0.00308019,-0.00154128,-3.73865e-18,0.00154128,0.00308019,0.00461434,0.00614138,0.00765896,0.00916472,0.0106563,0.0121315,0.013588,0.0150236,0.016436,0.017823,0.0191825,0.0205125,0.0218109,0.0230756,0.0243047,0.0254964,0.0266487,0.02776,0.0288284,0.0298524,0.0308304,0.0317608,0.0326423,0.0334734,0.0342529,0.0349796,0.0356524,0.0362701,0.036832,0.0373371,0.0377846,0.0381738,0.0385042,0.0387752,0.0389864,0.0391375,0.0392282,0.0392585,0.0392282,0.0391375,0.0389864,0.0387752,0.0385042,0.0381738,0.0377846,0.0373371,0.036832,0.0362701,0.0356524,0.0349796,0.0342529,0.0334734,0.0326423,0.0317608,0.0308304,0.0298524,0.0288284,0.02776,0.0266487,0.0254964,0.0243047,0.0230756,0.0218109,0.0205125,0.0191825,0.017823,0.016436,0.0150236,0.013588,0.0121315,0.0106563,0.00916472,0.00765896,0.00614138,0.00461434,0.00308019,0.00154128,0
0,-0.00308019,-0.00615563,-0.00922157,-0.0122733,-0.0153061,-0.0183153,-0.0212963,-0.0242444,-0.0271551,-0.030024,-0.0328466,-0.0356185,-0.0383355,-0.0409934,-0.0435881,-0.0461156,-0.0485719,-0.0509534,-0.0532563,-0.0554771,-0.0576124,-0.0596588,-0.0616132,-0.0634726,-0.0652342,-0.0668952,-0.068453,-0.0699052,-0.0712497,-0.0724843,-0.0736072,-0.0746166,-0.0755109,-0.0762887,-0.076949,-0.0774906,-0.0779127,-0.0782146,-0.078396,-0.0784565,-0.078396,-0.0782146,-0.0779127,-0.0774906,-0.076949,-0.0762887,-0.0755109,-0.0746166,-0.0736072,-0.0724843,-0.0712497,-0.0699052,-0.068453,-0.0668952,-0.0652342,-0.0634726,-0.0616132,-0.0596588,-0.0576124,-0.0554771,-0.0532563,-0.0509534,-0.0485719,-0.0461156,-0.0435881,-0.0409934,-0.0383355,-0.0356185,-0.0328466,-0.030024,-0.0271551,-0.0242444,-0.0212963,-0.0183153,-0.0153061,-0.0122733,-0.00922157,-0.00615563,-0.00308019,-1.59947e-17,0.00308019,0.00615563,0.00922157,0.0122733,0.0153061,0.0183153,0.0212963,0.0242444,0.0271551,0.030024,0.0328466,0.0356185,0.0383355,0.0409934,0.0435881,0.0461156,0.0485719,0.0509534,0.0532563,0.0554771,0.0576124,0.0596588,0.0616132,0.0634726,0.0652342,0.0668952,0.068453,0.0699052,0.0712497,0.0724843,0.0736072,0.0746166,0.0755109,0.0762887,0.076949,0.0774906,0.0779127,0.0782146,0.078396,0.0784565,0.078396,0.0782146,0.0779127,0.0774906,0.076949,0.0762887,0.0755109,0.0746166,0.0736072,0.0724843,0.0712497,0.0699052,0.068453,0.0668952,0.0652342,0.0634726,0.0616132,0.0596588,0.0576124,0.0554771,0.0532563,0.0509534,0.0485719,0.0461156,0.0435881,0.0409934,0.0383355,0.0356185,0.0328466,0.030024,0.0271551,0.0242444,0.0212963,0.0183153,0.0153061,0.0122733,0.00922157,0.00615563,0.00308019,0
0,-0.00461434,-0.00922157,-0.0138146,-0.0183863,-0.0229296,-0.0274377,-0.0319033,-0.0363198,-0.0406803,-0.0449781,-0.0492065,-0.0533591,-0.0574294,-0.0614111,-0.0652981,-0.0690845,-0.0727643,-0.0763319,-0.0797818,-0.0831087,-0.0863075,-0.0893732,-0.092301,-0.0950866,-0.0977255,-0.100214,-0.102548,-0.104723,-0.106737,-0.108587,-0.110269,-0.111781,-0.113121,-0.114286,-0.115275,-0.116086,-0.116719,-0.117171,-0.117443,-0.117534,-0.117443,-0.117171,-0.116719,-0.116086,-0.115275,-0.114286,-0.113121,-0.111781,-0.110269,-0.108587,-0.106737,-0.104723,-0.102548,-0.100214,-0.0977255,-0.0950866,-0.092301,-0.0893732,-0.0863075,-0.0831087,-0.0797818,-0.0763319,-0.0727643,-0.0690845,-0.0652981,-0.0614111,-0.0574294,-0.0533591,-0.0492065,-0.0449781,-0.0406803,-0.0363198,-0.0319033,-0.0274377,-0.0229296,-0.0183863,-0.0138146,-0.00922157,-0.00461434,-1.1221e-17,0.00461434,0.00922157,0.0138146,0.0183863,0.0229296,0.0274377,0.0319033,0.0363198,0.0406803,0.0449781,0.0492065,0.0533591,0.0574294,0.0614111,0.0652981,0.0690845,0.0727643,0.0763319,0.0797818,0.0831087,0.0863075,0.0893732,0.092301,0.0950866,0.0977255,0.100214,0.102548,0.104723,0.106737,0.108587,0.110269,0.111781,0.113121,0.114286,0.115275,0.116086,0.116719,0.117171,0.117443,0.117534,0.117443,0.117171,0.116719,0.116086,0.115275,0.114286,0.113121,0.111781,0.110269,0.108587,0.106737,0.104723,0.102548,0.100214,0.0977255,0.0950866,0.092301,0.0893732,0.0863075,0.0831087,0.0797818,0.0763319,0.0727643,0.0690845,0.0652981,0.0614111,0.0574294,0.0533591,0.0492065,0.0449781,0.0406803,0.0363198,0.0319033,0.0274377,0.0229296,0.0183863,0.0138146,0.00922157,0.00461434,0
0,-0.00614138,-0.0122733,-0.0183863,-0.0244709,-0.0305178,-0.0365177,-0.0424612,-0.0483393,-0.0541428,-0.0598629,-0.0654906,-0.0710174,-0.0764347,-0.0817341,-0.0869075,-0.0919468,-0.0968444,-0.101593,-0.106184,-0.110612,-0.11487,-0.11895,-0.122847,-0.126554,-0.130066,-0.133378,-0.136484,-0.13938,-0.14206,-0.144522,-0.146761,-0.148773,-0.150556,-0.152107,-0.153424,-0.154503,-0.155345,-0.155947,-0.156309,-0.156429,-0.156309,-0.155947,-0.155345,-0.154503,-0.153424,-0.152107,-0.150556,-0.148773,-0.146761,-0.144522,-0.14206,-0.13938,-0.136484,-0.133378,-0.130066,-0.126554,-0.122847,-0.11895,-0.11487,-0.110612,-0.106184,-0.101593,-0.0968444,-0.0919468,-0.0869075,-0.0817341,-0.0764347,-0.0710174,-0.0654906,-0.0598629,-0.0541428,-0.0483393,-0.0424612,-0.0365177,-0.0305178,-0.0244709,-0.0183863,-0.0122733,-0.00614138,-3.19115e-17,0.00614138,0.0122733,0.0183863,0.0244709,0.0305178,0.0365177,0.0424612,0.0483393,0.0541428,0.0598629,0.0654906,0.0710174,0.0764347,0.0817341,0.0869075,0.0919468,0.0968444,0.101593,0.106184,0.110612,0.11487,0.11895,0.122847,0.126554,0.130066,0.133378,0.136484,0.13938,0.14206,0.144522,0.146761,0.148773,0.150556,0.152107,0.153424,0.154503,0.155345,0.155947,0.156309,0.156429,0.156309,0.155947,0.155345,0.154503,0.153424,0.152107,0.150556,0.148773,0.146761,0.144522,0.14206,0.13938,0.136484,0.133378,0.130066,0.126554,0.122847,0.11895,0.11487,0.110612,0.106184,0.101593,0.0968444,0.0919468,0.0869075,0.0817341,0.0764347,0.0710174,0.0654906,0.0598629,0.0541428,0.0483393,0.0424612,0.0365177,0.0305178,0.0244709,0.0183863,0.0122733,0.00614138,0
0,-0.00765896,-0.0153061,-0.0229296,-0.0305178,-0.038059,-0.0455414,-0.0529536,-0.0602842,-0.0675218,-0.0746554,-0.0816738,-0.0885662,-0.0953221,-0.101931,-0.108383,-0.114667,-0.120775,-0.126697,-0.132423,-0.137945,-0.143254,-0.148343,-0.153203,-0.157826,-0.162206,-0.166336,-0.17021,-0.173821,-0.177164,-0.180234,-0.183026,-0.185536,-0.187759,-0.189694,-0.191335,-0.192682,-0.193732,-0.194482,-0.194933,-0.195084,-0.194933,-0.194482,-0.193732,-0.192682,-0.191335,-0.189694,-0.187759,-0.185536,-0.183026,-0.180234,-0.177164,-0.173821,-0.17021,-0.166336,-0.162206,-0.157826,-0.153203,-0.148343,-0.143254,-0.137945,-0.132423,-0.126697,-0.120775,-0.114667,-0.108383,-0.101931,-0.0953221,-0.0885662,-0.0816738,-0.0746554,-0.0675218,-0.0602842,-0.0529536,-0.0455414,-0.038059,-0.0305178,-0.0229296,-0.0153061,-0.00765896,-1.78414e-17,0.00765896,0.0153061,0.0229296,0.0305178,0.038059,0.0455414,0.0529536,0.0602842,0.0675218,0.0746554,0.0816738,0.0885662,0.0953221,0.101931,0.108383,0.114667,0.120775,0.126697,0.132423,0.137945,0.143254,0.148343,0.153203,0.157826,0.162206,0.166336,0.17021,0.173821,0.177164,0.180234,0.183026,0.185536,0.187759,0.189694,0.191335,0.192682,0.193732,0.194482,0.194933,0.195084,0.194933,0.194482,0.193732,0.192682,0.191335,0.189694,0.187759,0.185536,0.183026,0.180234,0.177164,0.173821,0.17021,0.166336,0.162206,0.157826,0.153203,0.148343,0.143254,0.137945,0.132423,0.126697,0.120775,0.114667,0.108383,0.101931,0.0953221,0.0885662,0.0816738,0.0746554,0.0675218,0.0602842,0.0529536,0.0455414,0.038059,0.0305178,0.0229296,0.0153061,0.00765896,0
0,-0.00916472,-0.0183153,-0.0274377,-0.0365177,-0.0455414,-0.0544949,-0.0633644,-0.0721362,-0.0807967,-0.0893327,-0.0977309,-0.105978,-0.114063,-0.121971,-0.129691,-0.137211,-0.14452,-0.151606,-0.158458,-0.165065,-0.171419,-0.177507,-0.183323,-0.188855,-0.194096,-0.199038,-0.203673,-0.207994,-0.211995,-0.215668,-0.219009,-0.222012,-0.224673,-0.226988,-0.228952,-0.230564,-0.23182,-0.232718,-0.233258,-0.233438,-0.233258,-0.232718,-0.23182,-0.230564,-0.228952,-0.226988,-0.224673,-0.222012,-0.219009,-0.215668,-0.211995,-0.207994,-0.203673,-0.199038,-0.194096,-0.188855,-0.183323,-0.177507,-0.171419,-0.165065,-0.158458,-0.151606,-0.14452,-0.137211,-0.129691,-0.121971,-0.114063,-0.105978,-0.0977309,-0.0893327,-0.0807967,-0.0721362,-0.0633644,-0.0544949,-0.0455414,-0.0365177,-0.0274377,-0.0183153,-0.00916472,-4.75776e-17,0.00916472,0.0183153,0.0274377,0.0365177,0.0455414,0.0544949,0.0633644,0.0721362,0.0807967,0.0893327,0.0977309,0.105978,0.114063,0.121971,0.129691,0.137211,0.14452,0.151606,0.158458,0.165065,0.171419,0.177507,0.183323,0.188855,0.194096,0.199038,0.203673,0.207994,0.211995,0.215668,0.219009,0.222012,0.224673,0.226988,0.228952,0.230564,0.23182,0.232718,0.233258,0.233438,0.233258,0.232718,0.23182,0.230564,0.228952,0.226988,0.224673,0.222012,0.219009,0.215668,0.211995,0.207994,0.203673,0.199038,0.194096,0.188855,0.183323,0.177507,0.171419,0.165065,0.158458,0.151606,0.14452,0.137211,0.129691,0.121971,0.114063,0.105978,0.0977309,0.0893327,0.0807967,0.0721362,0.0633644,0.0544949,0.0455414,0.0365177,0.0274377,0.0183153,0.00916472,0
0,-0.0106563,-0.0212963,-0.0319033,-0.0424612,-0.0529536,-0.0633644,-0.0736775,-0.0838769,-0.0939471,-0.103872,-0.113637,-0.123227,-0.132627,-0.141823,-0.150799,-0.159543,-0.168042,-0.176281,-0.184248,-0.191931,-0.199318,-0.206398,-0.21316,-0.219593,-0.225687,-0.231433,-0.236823,-0.241847,-0.246499,-0.25077,-0.254655,-0.258147,-0.261241,-0.263932,-0.266216,-0.26809,-0.26955,-0.270595,-0.271222,-0.271431,-0.271222,-0.270595,-0.26955,-0.26809,-0.266216,-0.263932,-0.261241,-0.258147,-0.254655,-0.25077,-0.246499,-0.241847,-0.236823,-0.231433,-0.225687,-0.219593,-0.21316,-0.206398,-0.199318,-0.191931,-0.184248,-0.176281,-0.168042,-0.159543,-0.150799,-0.141823,-0.132627,-0.123227,-0.113637,-0.103872,-0.0939471,-0.0838769,-0.0736775,-0.0633644,-0.0529536,-0.0424612,-0.0319033,-0.0212963,-0.0106563,-2.40864e-17,0.0106563,0.0212963,0.0319033,0.0424612,0.0529536,0.0633644,0.0736775,0.0838769,0.0939471,0.103872,0.113637,0.123227,0.132627,0.141823,0.150799,0.159543,0.168042,0.176281,0.184248,0.191931,0.199318,0.206398,0.21316,0.219593,0.225687,0.231433,0.236823,0.241847,0.246499,0.25077,0.254655,0.258147,0.261241,0.263932,0.266216,0.26809,0.26955,0.270595,0.271222,0.271431,0.271222,0.270595,0.26955,0.26809,0.266216,0.263932,0.261241,0.258147,0.254655,0.25077,0.246499,0.241847,0.236823,0.231433,0.225687,0.219593,0.21316,0.206398,0.199318,0.191931,0.184248,0.176281,0.168042,0.159543,0.150799,0.141823,0.132627,0.123227,0.113637,0.103872,0.0939471,0.0838769,0.0736775,0.0633644,0.0529536,0.0424612,0.0319033,0.0212963,0.0106563,0
0,-0.0121315,-0.0242444,-0.0363198,-0.0483393,-0.0602842,-0.0721362,-0.0838769,-0.0954883,-0.106953,-0.118252,-0.129369,-0.140286,-0.150987,-0.161456,-0.171675,-0.18163,-0.191304,-0.200684,-0.209754,-0.218501,-0.226911,-0.234971,-0.242668,-0.249992,-0.25693,-0.263472,-0.269607,-0.275327,-0.280622,-0.285485,-0.289907,-0.293883,-0.297405,-0.300469,-0.303069,-0.305202,-0.306865,-0.308054,-0.308769,-0.309007,-0.308769,-0.308054,-0.306865,-0.305202,-0.303069,-0.300469,-0.297405,-0.293883,-0.289907,-0.285485,-0.280622,-0.275327,-0.269607,-0.263472,-0.25693,-0.249992,-0.242668,-0.234971,-0.226911,-0.218501,-0.209754,-0.200684,-0.191304,-0.18163,-0.171675,-0.161456,-0.150987,-0.140286,-0.129369,-0.118252,-0.106953,-0.0954883,-0.0838769,-0.0721362,-0.0602842,-0.0483393,-0.0363198,-0.0242444,-0.0121315,-6.24241e-17,0.0121315,0.0242444,0.0363198,0.0483393,0.0602842,0.0721362,0.0838769,0.0954883,0.106953,0.118252,0.129369,0.140286,0.150987,0.161456,0.171675,0.18163,0.191304,0.200684,0.209754,0.218501,0.226911,0.234971,0.242668,0.249992,0.25693,0.263472,0.269607,0.275327,0.280622,0.285485,0.289907,0.293883,0.297405,0.300469,0.303069,0.305202,0.306865,0.308054,0.308769,0.309007,0.308769,0.308054,0.306865,0.305202,0.303069,0.300469,0.297405,0.293883,0.289907,0.285485,0.280622,0.275327,0.269607,0.263472,0.25693,0.249992,0.242668,0.234971,0.226911,0.218501,0.209754,0.200684,0.191304,0.18163,0.171675,0.161456,0.150987,0.140286,0.129369,0.118252,0.106953,0.0954883,0.0838769,0.0721362,0.0602842,0.0483393,0.0363198,0.0242444,0.0121315,0
0,-0.013588,-0.0271551,-0.0406803,-0.0541428,-0.0675218,-0.0807967,-0.0939471,-0.106953,-0.119793,-0.132449,-0.1449,-0.157129,-0.169115,-0.18084,-0.192286,-0.203436,-0.214272,-0.224778,-0.234937,-0.244734,-0.254153,-0.263181,-0.271803,-0.280005,-0.287776,-0.295104,-0.301976,-0.308382,-0.314313,-0.31976,-0.324713,-0.329166,-0.333111,-0.336543,-0.339455,-0.341844,-0.343707,-0.345039,-0.345839,-0.346106,-0.345839,-0.345039,-0.343707,-0.341844,-0.339455,-0.336543,-0.333111,-0.329166,-0.324713,-0.31976,-0.314313,-0.308382,-0.301976,-0.295104,-0.287776,-0.280005,-0.271803,-0.263181,-0.254153,-0.244734,-0.234937,-0.224778,-0.214272,-0.203436,-0.192286,-0.18084,-0.169115,-0.157129,-0.1449,-0.132449,-0.119793,-0.106953,-0.0939471,-0.0807967,-0.0675218,-0.0541428,-0.0406803,-0.0271551,-0.013588,-2.83342e-17,0.013588,0.0271551,0.0406803,0.0541428,0.0675218,0.0807967,0.0939471,0.106953,0.119793,0.132449,0.1449,0.157129,0.169115,0.18084,0.192286,0.203436,0.214272,0.224778,0.234937,0.244734,0.254153,0.263181,0.271803,0.280005,0.287776,0.295104,0.301976,0.308382,0.314313,0.31976,0.324713,0.329166,0.333111,0.336543,0.339455,0.341844,0.343707,0.345039,0.345839,0.346106,0.345839,0.345039,0.343707,0.341844,0.339455,0.336543,0.333111,0.329166,0.324713,0.31976,0.314313,0.308382,0.301976,0.295104,0.287776,0.280005,0.271803,0.263181,0.254153,0.244734,0.234937,0.224778,0.214272,0.203436,0.192286,0.18084,0.169115,0.157129,0.1449,0.132449,0.119793,0.106953,0.0939471,0.0807967,0.0675218,0.0541428,0.0406803,0.0271551,0.013588,0
0,-0.0150236,-0.030024,-0.0449781,-0.0598629,-0.0746554,-0.0893327,-0.103872,-0.118252,-0.132449,-0.146442,-0.160209,-0.173729,-0.186981,-0.199945,-0.2126,-0.224928,-0.236909,-0.248525,-0.259757,-0.270589,-0.281004,-0.290985,-0.300518,-0.309587,-0.318179,-0.32628,-0.333879,-0.340962,-0.34752,-0.353542,-0.359018,-0.363942,-0.368303,-0.372098,-0.375318,-0.377959,-0.380018,-0.381491,-0.382376,-0.382671,-0.382376,-0.381491,-0.380018,-0.377959,-0.375318,-0.372098,-0.368303,-0.363942,-0.359018,-0.353542,-0.34752,-0.340962,-0.333879,-0.32628,-0.318179,-0.309587,-0.300518,-0.290985,-0.281004,-0.270589,-0.259757,-0.248525,-0.236909,-0.224928,-0.2126,-0.199945,-0.186981,-0.173729,-0.160209,-0.146442,-0.132449,-0.118252,-0.103872,-0.0893327,-0.0746554,-0.0598629,-0.0449781,-0.030024,-0.0150236,-7.63901e-17,0.0150236,0.030024,0.0449781,0.0598629,0.0746554,0.0893327,0.103872,0.118252,0.132449,0.146442,0.160209,0.173729,0.186981,0.199945,0.2126,0.224928,0.236909,0.248525,0.259757,0.270589,0.281004,0.290985,0.300518,0.309587,0.318179,0.32628,0.333879,0.340962,0.34752,0.353542,0.359018,0.363942,0.368303,0.372098,0.375318,0.377959,0.380018,0.381491,0.382376,0.382671,0.382376,0.381491,0.380018,0.377959,0.375318,0.372098,0.368303,0.363942,0.359018,0.353542,0.34752,0.340962,0.333879,0.32628,0.318179,0.309587,0.300518,0.290985,0.281004,0.270589,0.259757,0.248525,0.236909,0.224928,0.2126,0.199945,0.186981,0.173729,0.160209,0.146442,0.132449,0.118252,0.103872,0.0893327,0.0746554,0.0598629,0.0449781,0.030024,0.0150236,0
0,-0.016436,-0.0328466,-0.0492065,-0.0654906,-0.0816738,-0.0977309,-0.113637,-0.129369,-0.1449,-0.160209,-0.17527,-0.190061,-0.204559,-0.218742,-0.232587,-0.246074,-0.259181,-0.271889,-0.284177,-0.296027,-0.307421,-0.318341,-0.32877,-0.338692,-0.348091,-0.356954,-0.365267,-0.373016,-0.38019,-0.386778,-0.39277,-0.398156,-0.402928,-0.407079,-0.410602,-0.413492,-0.415744,-0.417355,-0.418323,-0.418646,-0.418323,-0.417355,-0.415744,-0.413492,-0.410602,-0.407079,-0.402928,-0.398156,-0.39277,-0.386778,-0.38019,-0.373016,-0.365267,-0.356954,-0.348091,-0.338692,-0.32877,-0.318341,-0.307421,-0.296027,-0.284177,-0.271889,-0.259181,-0.246074,-0.232587,-0.218742,-0.204559,-0.190061,-0.17527,-0.160209,-0.1449,-0.129369,-0.113637,-0.0977309,-0.0816738,-0.0654906,-0.0492065,-0.0328466,-0.016436,-3.29274e-17,0.016436,0.0328466,0.0492065,0.0654906,0.0816738,0.0977309,0.113637,0.129369,0.1449,0.160209,0.17527,0.190061,0.204559,0.218742,0.232587,0.246074,0.259181,0.271889,0.284177,0.296027,0.307421,0.318341,0.32877,0.338692,0.348091,0.356954,0.365267,0.373016,0.38019,0.386778,0.39277,0.398156,0.402928,0.407079,0.410602,0.413492,0.415744,0.417355,0.418323,0.418646,0.418323,0.417355,0.415744,0.413492,0.410602,0.407079,0.402928,0.398156,0.39277,0.386778,0.38019,0.373016,0.365267,0.356954,0.348091,0.338692,0.32877,0.318341,0.307421,0.296027,0.284177,0.271889,0.259181,0.246074,0.232587,0.218742,0.204559,0.190061,0.17527,0.160209,0.1449,0.129369,0.113637,0.0977309,0.0816738,0.0654906,0.0492065,0.0328466,0.016436,0
0,-0.017823,-0.0356185,-0.0533591,-0.0710174,-0.0885662,-0.105978,-0.123227,-0.140286,-0.157129,-0.173729,-0.190061,-0.206101,-0.221822,-0.237202,-0.252215,-0.26684,-0.281053,-0.294833,-0.308159,-0.321009,-0.333364,-0.345206,-0.356515,-0.367274,-0.377467,-0.387078,-0.396092,-0.404495,-0.412275,-0.419419,-0.425916,-0.431756,-0.436931,-0.441432,-0.445252,-0.448386,-0.450829,-0.452576,-0.453625,-0.453975,-0.453625,-0.452576,-0.450829,-0.448386,-0.445252,-0.441432,-0.436931,-0.431756,-0.425916,-0.419419,-0.412275,-0.404495,-0.396092,-0.387078,-0.377467,-0.367274,-0.356515,-0.345206,-0.333364,-0.321009,-0.308159,-0.294833,-0.281053,-0.26684,-0.252215,-0.237202,-0.221822,-0.206101,-0.190061,-0.173729,-0.157129,-0.140286,-0.123227,-0.105978,-0.0885662,-0.0710174,-0.0533591,-0.0356185,-0.017823,-9.01621e-17,0.017823,0.0356185,0.0533591,0.0710174,0.0885662,0.105978,0.123227,0.140286,0.157129,0.173729,0.190061,0.206101,0.221822,0.237202,0.252215,0.26684,0.281053,0.294833,0.308159,0.321009,0.333364,0.345206,0.356515,0.367274,0.377467,0.387078,0.396092,0.404495,0.412275,0.419419,0.425916,0.431756,0.436931,0.441432,0.445252,0.448386,0.450829,0.452576,0.453625,0.453975,0.453625,0.452576,0.450829,0.448386,0.445252,0.441432,0.436931,0.431756,0.425916,0.419419,0.412275,0.404495,0.396092,0.387078,0.377467,0.367274,0.356515,0.345206,0.333364,0.321009,0.308159,0.294833,0.281053,0.26684,0.252215,0.237202,0.221822,0.206101,0.190061,0.173729,0.157129,0.140286,0.123227,0.105978,0.0885662,0.0710174,0.0533591,0.0356185,0.017823,0
0,-0.0191825,-0.0383355,-0.0574294,-0.0764347,-0.0953221,-0.114063,-0.132627,-0.150987,-0.169115,-0.186981,-0.204559,-0.221822,-0.238743,-0.255295,-0.271454,-0.287195,-0.302492,-0.317324,-0.331665,-0.345496,-0.358794,-0.371538,-0.38371,-0.39529,-0.40626,-0.416604,-0.426306,-0.43535,-0.443723,-0.451412,-0.458405,-0.464691,-0.47026,-0.475105,-0.479217,-0.48259,-0.485218,-0.487099,-0.488228,-0.488605,-0.488228,-0.487099,-0.485218,-0.48259,-0.479217,-0.475105,-0.47026,-0.464691,-0.458405,-0.451412,-0.443723,-0.43535,-0.426306,-0.416604,-0.40626,-0.39529,-0.38371,-0.371538,-0.358794,-0.345496,-0.331665,-0.317324,-0.302492,-0.287195,-0.271454,-0.255295,-0.238743,-0.221822,-0.204559,-0.186981,-0.169115,-0.150987,-0.132627,-0.114063,-0.0953221,-0.0764347,-0.0574294,-0.0383355,-0.0191825,-3.65121e-17,0.0191825,0.0383355,0.0574294,0.0764347,0.0953221,0.114063,0.132627,0.150987,0.169115,0.186981,0.204559,0.221822,0.238743,0.255295,0.271454,0.287195,0.302492,0.317324,0.331665,0.345496,0.358794,0.371538,0.38371,0.39529,0.40626,0.416604,0.426306,0.43535,0.443723,0.451412,0.458405,0.464691,0.47026,0.475105,0.479217,0.48259,0.485218,0.487099,0.488228,0.488605,0.488228,0.487099,0.485218,0.48259,0.479217,0.475105,0.47026,0.464691,0.458405,0.451412,0.443723,0.43535,0.426306,0.416604,0.40626,0.39529,0.38371,0.371538,0.358794,0.345496,0.331665,0.317324,0.302492,0.287195,0.271454,0.255295,0.238743,0.221822,0.204559,0.186981,0.169115,0.150987,0.132627,0.114063,0.0953221,0.0764347,0.0574294,0.0383355,0.0191825,0
0,-0.0205125,-0.0409934,-0.0614111,-0.0817341,-0.101931,-0.121971,-0.141823,-0.161456,-0.18084,-0.199945,-0.218742,-0.237202,-0.255295,-0.272996,-0.290275,-0.307107,-0.323465,-0.339324,-0.354661,-0.36945,-0.38367,-0.397298,-0.410313,-0.422696,-0.434427,-0.445488,-0.455863,-0.465534,-0.474488,-0.48271,-0.490187,-0.496909,-0.502865,-0.508045,-0.512442,-0.516049,-0.51886,-0.520871,-0.522078,-0.522481,-0.522078,-0.520871,-0.51886,-0.516049,-0.512442,-0.508045,-0.502865,-0.496909,-0.490187,-0.48271,-0.474488,-0.465534,-0.455863,-0.445488,-0.434427,-0.422696,-0.410313,-0.397298,-0.38367,-0.36945,-0.354661,-0.339324,-0.323465,-0.307107,-0.290275,-0.272996,-0.255295,-0.237202,-0.218742,-0.199945,-0.18084,-0.161456,-0.141823,-0.121971,-0.101931,-0.0817341,-0.0614111,-0.0409934,-0.0205125,-1.03456e-16,0.0205125,0.0409934,0.0614111,0.0817341,0.101931,0.121971,0.141823,0.161456,0.18084,0.199945,0.218742,0.237202,0.255295,0.272996,0.290275,0.307107,0.323465,0.339324,0.354661,0.36945,0.38367,0.397298,0.410313,0.422696,0.434427,0.445488,0.455863,0.465534,0.474488,0.48271,0.490187,0.496909,0.502865,0.508045,0.512442,0.516049,0.51886,0.520871,0.522078,0.522481,0.522078,0.520871,0.51886,0.516049,0.512442,0.508045,0.502865,0.496909,0.490187,0.48271,0.474488,0.465534,0.455863,0.445488,0.434427,0.422696,0.410313,0.397298,0.38367,0.36945,0.354661,0.339324,0.323465,0.307107,0.290275,0.272996,0.255295,0.237202,0.218742,0.199945,0.18084,0.161456,0.141823,0.121971,0.101931,0.0817341,0.0614111,0.0409934,0.0205125,0
0,-0.0218109,-0.0435881,-0.0652981,-0.0869075,-0.108383,-0.129691,-0.150799,-0.171675,-0.192286,-0.2126,-0.232587,-0.252215,-0.271454,-0.290275,-0.308648,-0.326545,-0.343939,-0.360802,-0.377109,-0.392834,-0.407954,-0.422445,-0.436284,-0.449451,-0.461924,-0.473686,-0.484717,-0.495,-0.504521,-0.513263,-0.521214,-0.528361,-0.534694,-0.540202,-0.544877,-0.548712,-0.551701,-0.553839,-0.555124,-0.555552,-0.555124,-0.553839,-0.551701,-0.548712,-0.544877,-0.540202,-0.534694,-0.528361,-0.521214,-0.513263,-0.504521,-0.495,-0.484717,-0.473686,-0.461924,-0.449451,-0.436284,-0.422445,-0.407954,-0.392834,-0.377109,-0.360802,-0.343939,-0.326545,-0.308648,-0.290275,-0.271454,-0.252215,-0.232587,-0.2126,-0.192286,-0.171675,-0.150799,-0.129691,-0.108383,-0.0869075,-0.0652981,-0.0435881,-0.0218109,-4.15998e-17,0.0218109,0.0435881,0.0652981,0.0869075,0.108383,0.129691,0.150799,0.171675,0.192286,0.2126,0.232587,0.252215,0.271454,0.290275,0.308648,0.326545,0.343939,0.360802,0.377109,0.392834,0.407954,0.422445,0.436284,0.449451,0.461924,0.473686,0.484717,0.495,0.504521,0.513263,0.521214,0.528361,0.534694,0.540202,0.544877,0.548712,0.551701,0.553839,0.555124,0.555552,0.555124,0.553839,0.551701,0.548712,0.544877,0.540202,0.534694,0.528361,0.521214,0.513263,0.504521,0.495,0.484717,0.473686,0.461924,0.449451,0.436284,0.422445,0.407954,0.392834,0.377109,0.360802,0.343939,0.326545,0.308648,0.290275,0.271454,0.252215,0.232587,0.2126,0.192286,0.171675,0.150799,0.129691,0.108383,0.0869075,0.0652981,0.0435881,0.0218109,0
0,-0.0230756,-0.0461156,-0.0690845,-0.0919468,-0.114667,-0.137211,-0.159543,-0.18163,-0.203436,-0.224928,-0.246074,-0.26684,-0.287195,-0.307107,-0.326545,-0.34548,-0.363882,-0.381723,-0.398976,-0.415613,-0.43161,-0.446941,-0.461582,-0.475512,-0.488709,-0.501153,-0.512823,-0.523703,-0.533775,-0.543025,-0.551437,-0.558998,-0.565698,-0.571526,-0.576472,-0.580529,-0.583692,-0.585954,-0.587313,-0.587766,-0.587313,-0.585954,-0.583692,-0.580529,-0.576472,-0.571526,-0.565698,-0.558998,-0.551437,-0.543025,-0.533775,-0.523703,-0.512823,-0.501153,-0.488709,-0.475512,-0.461582,-0.446941,-0.43161,-0.415613,-0.398976,-0.381723,-0.363882,-0.34548,-0.326545,-0.307107,-0.287195,-0.26684,-0.246074,-0.224928,-0.203436,-0.18163,-0.159543,-0.137211,-0.114667,-0.0919468,-0.0690845,-0.0461156,-0.0230756,-1.17417e-16,0.0230756,0.0461156,0.0690845,0.0919468,0.114667,0.137211,0.159543,0.18163,0.203436,0.224928,0.246074,0.26684,0.287195,0.307107,0.326545,0.34548,0.363882,0.381723,0.398976,0.415613,0.43161,0.446941,0.461582,0.475512,0.488709,0.501153,0.512823,0.523703,0.533775,0.543025,0.551437,0.558998,0.565698,0.571526,0.576472,0.580529,0.583692,0.585954,0.587313,0.587766,0.587313,0.585954,0.583692,0.580529,0.576472,0.571526,0.565698,0.558998,0.551437,0.543025,0.533775,0.523703,0.512823,0.501153,0.488709,0.475512,0.461582,0.446941,0.43161,0.415613,0.398976,0.381723,0.363882,0.34548,0.326545,0.307107,0.287195,0.26684,0.246074,0.224928,0.203436,0.18163,0.159543,0.137211,0.114667,0.0919468,0.0690845,0.0461156,0.0230756,0
0,-0.0243047,-0.0485719,-0.0727643,-0.0968444,-0.120775,-0.14452,-0.168042,-0.191304,-0.214272,-0.236909,-0.259181,-0.281053,-0.302492,-0.323465,-0.343939,-0.363882,-0.383265,-0.402056,-0.420228,-0.437751,-0.4546,-0.470747,-0.486169,-0.500841,-0.514741,-0.527847,-0.540139,-0.551598,-0.562207,-0.571949,-0.580809,-0.588774,-0.59583,-0.601968,-0.607178,-0.611452,-0.614782,-0.617165,-0.618596,-0.619073,-0.618596,-0.617165,-0.614782,-0.611452,-0.607178,-0.601968,-0.59583,-0.588774,-0.580809,-0.571949,-0.562207,-0.551598,-0.540139,-0.527847,-0.514741,-0.500841,-0.486169,-0.470747,-0.4546,-0.437751,-0.420228,-0.402056,-0.383265,-0.363882,-0.343939,-0.323465,-0.302492,-0.281053,-0.259181,-0.236909,-0.214272,-0.191304,-0.168042,-0.14452,-0.120775,-0.0968444,-0.0727643,-0.0485719,-0.0243047,-4.7683e-17,0.0243047,0.0485719,0.0727643,0.0968444,0.120775,0.14452,0.168042,0.191304,0.214272,0.236909,0.259181,0.281053,0.302492,0.323465,0.343939,0.363882,0.383265,0.402056,0.420228,0.437751,0.4546,0.470747,0.486169,0.500841,0.514741,0.527847,0.540139,0.551598,0.562207,0.571949,0.580809,0.588774,0.59583,0.601968,0.607178,0.611452,0.614782,0.617165,0.618596,0.619073,0.618596,0.617165,0.614782,0.611452,0.607178,0.601968,0.59583,0.588774,0.580809,0.571949,0.562207,0.551598,0.540139,0.527847,0.514741,0.500841,0.486169,0.470747,0.4546,0.437751,0.420228,0.402056,0.383265,0.363882,0.343939,0.323465,0.302492,0.281053,0.259181,0.236909,0.214272,0.191304,0.168042,0.14452,0.120775,0.0968444,0.0727643,0.0485719,0.0243047,0
0,-0.0254964,-0.0509534,-0.0763319,-0.101593,-0.126697,-0.151606,-0.176281,-0.200684,-0.224778,-0.248525,-0.271889,-0.294833,-0.317324,-0.339324,-0.360802,-0.381723,-0.402056,-0.421769,-0.440831,-0.459214,-0.476889,-0.493828,-0.510006,-0.525397,-0.539978,-0.553727,-0.566622,-0.578643,-0.589772,-0.599992,-0.609286,-0.617641,-0.625044,-0.631483,-0.636948,-0.641431,-0.644925,-0.647425,-0.648926,-0.649427,-0.648926,-0.647425,-0.644925,-0.641431,-0.636948,-0.631483,-0.625044,-0.617641,-0.609286,-0.599992,-0.589772,-0.578643,-0.566622,-0.553727,-0.539978,-0.525397,-0.510006,-0.493828,-0.476889,-0.459214,-0.440831,-0.421769,-0.402056,-0.381723,-0.360802,-0.339324,-0.317324,-0.294833,-0.271889,-0.248525,-0.224778,-0.200684,-0.176281,-0.151606,-0.126697,-0.101593,-0.0763319,-0.0509534,-0.0254964,-1.31879e-16,0.0254964,0.0509534,0.0763319,0.101593,0.126697,0.151606,0.176281,0.200684,0.224778,0.248525,0.271889,0.294833,0.317324,0.339324,0.360802,0.381723,0.402056,0.421769,0.440831,0.459214,0.476889,0.493828,0.510006,0.525397,0.539978,0.553727,0.566622,0.578643,0.589772,0.599992,0.609286,0.617641,0.625044,0.631483,0.636948,0.641431,0.644925,0.647425,0.648926,0.649427,0.648926,0.647425,0.644925,0.641431,0.636948,0.631483,0.625044,0.617641,0.609286,0.599992,0.589772,0.578643,0.566622,0.553727,0.539978,0.525397,0.510006,0.493828,0.476889,0.459214,0.440831,0.421769,0.402056,0.381723,0.360802,0.339324,0.317324,0.294833,0.271889,0.248525,0.224778,0.200684,0.176281,0.151606,0.126697,0.101593,0.0763319,0.0509534,0.0254964,0
0,-0.0266487,-0.0532563,-0.0797818,-0.106184,-0.132423,-0.158458,-0.184248,-0.209754,-0.234937,-0.259757,-0.284177,-0.308159,-0.331665,-0.354661,-0.377109,-0.398976,-0.420228,-0.440831,-0.460755,-0.479969,-0.498442,-0.516147,-0.533056,-0.549143,-0.564383,-0.578754,-0.592231,-0.604796,-0.616428,-0.627109,-0.636824,-0.645556,-0.653294,-0.660024,-0.665736,-0.670421,-0.674073,-0.676686,-0.678255,-0.678778,-0.678255,-0.676686,-0.674073,-0.670421,-0.665736,-0.660024,-0.653294,-0.645556,-0.636824,-0.627109,-0.616428,-0.604796,-0.592231,-0.578754,-0.564383,-0.549143,-0.533056,-0.516147,-0.498442,-0.479969,-0.460755,-0.440831,-0.420228,-0.398976,-0.377109,-0.354661,-0.331665,-0.308159,-0.284177,-0.259757,-0.234937,-0.209754,-0.184248,-0.158458,-0.132423,-0.106184,-0.0797818,-0.0532563,-0.0266487,-5.08494e-17,0.0266487,0.0532563,0.0797818,0.106184,0.132423,0.158458,0.184248,0.209754,0.234937,0.259757,0.284177,0.308159,0.331665,0.354661,0.377109,0.398976,0.420228,0.440831,0.460755,0.479969,0.498442,0.516147,0.533056,0.549143,0.564383,0.578754,0.592231,0.604796,0.616428,0.627109,0.636824,0.645556,0.653294,0.660024,0.665736,0.670421,0.674073,0.676686,0.678255,0.678778,0.678255,0.676686,0.674073,0.670421,0.665736,0.660024,0.653294,0.645556,0.636824,0.627109,0.616428,0.604796,0.592231,0.578754,0.564383,0.549143,0.533056,0.516147,0.498442,0.479969,0.460755,0.440831,0.420228,0.398976,0.377109,0.354661,0.331665,0.308159,0.284177,0.259757,0.234937,0.209754,0.184248,0.158458,0.132423,0.106184,0.0797818,0.0532563,0.0266487,0
0,-0.02776,-0.0554771,-0.0831087,-0.110612,-0.137945,-0.165065,-0.191931,-0.218501,-0.244734,-0.270589,-0.296027,-0.321009,-0.345496,-0.36945,-0.392834,-0.415613,-0.437751,-0.459214,-0.479969,-0.499983,-0.519227,-0.53767,-0.555285,-0.572042,-0.587918,-0.602888,-0.616927,-0.630016,-0.642133,-0.65326,-0.663379,-0.672476,-0.680536,-0.687547,-0.693497,-0.698378,-0.702182,-0.704904,-0.706538,-0.707083,-0.706538,-0.704904,-0.702182,-0.698378,-0.693497,-0.687547,-0.680536,-0.672476,-0.663379,-0.65326,-0.642133,-0.630016,-0.616927,-0.602888,-0.587918,-0.572042,-0.555285,-0.53767,-0.519227,-0.499983,-0.479969,-0.459214,-0.437751,-0.415613,-0.392834,-0.36945,-0.345496,-0.321009,-0.296027,-0.270589,-0.244734,-0.218501,-0.191931,-0.165065,-0.137945,-0.110612,-0.0831087,-0.0554771,-0.02776,-1.4572e-16,0.02776,0.0554771,0.0831087,0.110612,0.137945,0.165065,0.191931,0.218501,0.244734,0.270589,0.296027,0.321009,0.345496,0.36945,0.392834,0.415613,0.437751,0.459214,0.479969,0.499983,0.519227,0.53767,0.555285,0.572042,0.587918,0.602888,0.616927,0.630016,0.642133,0.65326,0.663379,0.672476,0.680536,0.687547,0.693497,0.698378,0.702182,0.704904,0.706538,0.707083,0.706538,0.704904,0.702182,0.698378,0.693497,0.687547,0.680536,0.672476,0.663379,0.65326,0.642133,0.630016,0.616927,0.602888,0.587918,0.572042,0.555285,0.53767,0.519227,0.499983,0.479969,0.459214,0.437751,0.415613,0.392834,0.36945,0.345496,0.321009,0.296027,0.270589,0.244734,0.218501,0.191931,0.165065,0.137945,0.110612,0.0831087,0.0554771,0.02776,0
0,-0.0288284,-0.0576124,-0.0863075,-0.11487,-0.143254,-0.171419,-0.199318,-0.226911,-0.254153,-0.281004,-0.307421,-0.333364,-0.358794,-0.38367,-0.407954,-0.43161,-0.4546,-0.476889,-0.498442,-0.519227,-0.539212,-0.558365,-0.576657,-0.59406,-0.610547,-0.626092,-0.640672,-0.654264,-0.666848,-0.678403,-0.688912,-0.698359,-0.706729,-0.714009,-0.720189,-0.725258,-0.729208,-0.732035,-0.733732,-0.734298,-0.733732,-0.732035,-0.729208,-0.725258,-0.720189,-0.714009,-0.706729,-0.698359,-0.688912,-0.678403,-0.666848,-0.654264,-0.640672,-0.626092,-0.610547,-0.59406,-0.576657,-0.558365,-0.539212,-0.519227,-0.498442,-0.476889,-0.4546,-0.43161,-0.407954,-0.38367,-0.358794,-0.333364,-0.307421,-0.281004,-0.254153,-0.226911,-0.199318,-0.171419,-0.143254,-0.11487,-0.0863075,-0.0576124,-0.0288284,-5.54006e-17,0.0288284,0.0576124,0.0863075,0.11487,0.143254,0.171419,0.199318,0.226911,0.254153,0.281004,0.307421,0.333364,0.358794,0.38367,0.407954,0.43161,0.4546,0.476889,0.498442,0.519227,0.539212,0.558365,0.576657,0.59406,0.610547,0.626092,0.640672,0.654264,0.666848,0.678403,0.688912,0.698359,0.706729,0.714009,0.720189,0.725258,0.729208,0.732035,0.733732,0.734298,0.733732,0.732035,0.729208,0.725258,0.720189,0.714009,0.706729,0.698359,0.688912,0.678403,0.666848,0.654264,0.640672,0.626092,0.610547,0.59406,0.576657,0.558365,0.539212,0.519227,0.498442,0.476889,0.4546,0.43161,0.407954,0.38367,0.358794,0.333364,0.307421,0.281004,0.254153,0.226911,0.199318,0.171419,0.143254,0.11487,0.0863075,0.0576124,0.0288284,0
0,-0.0298524,-0.0596588,-0.0893732,-0.11895,-0.148343,-0.177507,-0.206398,-0.234971,-0.263181,-0.290985,-0.318341,-0.345206,-0.371538,-0.397298,-0.422445,-0.446941,-0.470747,-0.493828,-0.516147,-0.53767,-0.558365,-0.578198,-0.59714,-0.615161,-0.632233,-0.648331,-0.663429,-0.677504,-0.690535,-0.7025,-0.713383,-0.723165,-0.731832,-0.739371,-0.74577,-0.751019,-0.75511,-0.758037,-0.759795,-0.760381,-0.759795,-0.758037,-0.75511,-0.751019,-0.74577,-0.739371,-0.731832,-0.723165,-0.713383,-0.7025,-0.690535,-0.677504,-0.663429,-0.648331,-0.632233,-0.615161,-0.59714,-0.578198,-0.558365,-0.53767,-0.516147,-0.493828,-0.470747,-0.446941,-0.422445,-0.397298,-0.371538,-0.345206,-0.318341,-0.290985,-0.263181,-0.234971,-0.206398,-0.177507,-0.148343,-0.11895,-0.0893732,-0.0596588,-0.0298524,-1.59271e-16,0.0298524,0.0596588,0.0893732,0.11895,0.148343,0.177507,0.206398,0.234971,0.263181,0.290985,0.318341,0.345206,0.371538,0.397298,0.422445,0.446941,0.470747,0.493828,0.516147,0.53767,0.558365,0.578198,0.59714,0.615161,0.632233,0.648331,0.663429,0.677504,0.690535,0.7025,0.713383,0.723165,0.731832,0.739371,0.74577,0.751019,0.75511,0.758037,0.759795,0.760381,0.759795,0.758037,0.75511,0.751019,0.74577,0.739371,0.731832,0.723165,0.713383,0.7025,0.690535,0.677504,0.663429,0.648331,0.632233,0.615161,0.59714,0.578198,0.558365,0.53767,0.516147,0.493828,0.470747,0.446941,0.422445,0.397298,0.371538,0.345206,0.318341,0.290985,0.263181,0.234971,0.206398,0.177507,0.148343,0.11895,0.0893732,0.0596588,0.0298524,0
0,-0.0308304,-0.0616132,-0.092301,-0.122847,-0.153203,-0.183323,-0.21316,-0.242668,-0.271803,-0.300518,-0.32877,-0.356515,-0.38371,-0.410313,-0.436284,-0.461582,-0.486169,-0.510006,-0.533056,-0.555285,-0.576657,-0.59714,-0.616702,-0.635314,-0.652946,-0.669571,-0.685163,-0.699699,-0.713157,-0.725514,-0.736753,-0.746856,-0.755807,-0.763593,-0.770202,-0.775623,-0.779848,-0.78287,-0.784685,-0.785291,-0.784685,-0.78287,-0.779848,-0.775623,-0.770202,-0.763593,-0.755807,-0.746856,-0.736753,-0.725514,-0.713157,-0.699699,-0.685163,-0.669571,-0.652946,-0.635314,-0.616702,-0.59714,-0.576657,-0.555285,-0.533056,-0.510006,-0.486169,-0.461582,-0.436284,-0.410313,-0.38371,-0.356515,-0.32877,-0.300518,-0.271803,-0.242668,-0.21316,-0.183323,-0.153203,-0.122847,-0.092301,-0.0616132,-0.0308304,-5.79743e-17,0.0308304,0.0616132,0.092301,0.122847,0.153203,0.183323,0.21316,0.242668,0.271803,0.300518,0.32877,0.356515,0.38371,0.410313,0.436284,0.461582,0.486169,0.510006,0.533056,0.555285,0.576657,0.59714,0.616702,0.635314,0.652946,0.669571,0.685163,0.699699,0.713157,0.725514,0.736753,0.746856,0.755807,0.763593,0.770202,0.775623,0.779848,0.78287,0.784685,0.785291,0.784685,0.78287,0.779848,0.775623,0.770202,0.763593,0.755807,0.746856,0.736753,0.725514,0.713157,0.699699,0.685163,0.669571,0.652946,0.635314,0.616702,0.59714,0.576657,0.555285,0.533056,0.510006,0.486169,0.461582,0.436284,0.410313,0.38371,0.356515,0.32877,0.300518,0.271803,0.242668,0.21316,0.183323,0.153203,0.122847,0.092301,0.0616132,0.0308304,0
0,-0.0317608,-0.0634726,-0.0950866,-0.126554,-0.157826,-0.188855,-0.219593,-0.249992,-0.280005,-0.309587,-0.338692,-0.367274,-0.39529,-0.422696,-0.449451,-0.475512,-0.500841,-0.525397,-0.549143,-0.572042,-0.59406,-0.615161,-0.635314,-0.654487,-0.672651,-0.689778,-0.705841,-0.720816,-0.734679,-0.747409,-0.758988,-0.769395,-0.778617,-0.786638,-0.793446,-0.79903,-0.803383,-0.806496,-0.808366,-0.80899,-0.808366,-0.806496,-0.803383,-0.79903,-0.793446,-0.786638,-0.778617,-0.769395,-0.758988,-0.747409,-0.734679,-0.720816,-0.705841,-0.689778,-0.672651,-0.654487,-0.635314,-0.615161,-0.59406,-0.572042,-0.549143,-0.525397,-0.500841,-0.475512,-0.449451,-0.422696,-0.39529,-0.367274,-0.338692,-0.309587,-0.280005,-0.249992,-0.219593,-0.188855,-0.157826,-0.126554,-0.0950866,-0.0634726,-0.0317608,-1.69799e-16,0.0317608,0.0634726,0.0950866,0.126554,0.157826,0.188855,0.219593,0.249992,0.280005,0.309587,0.338692,0.367274,0.39529,0.422696,0.449451,0.475512,0.500841,0.525397,0.549143,0.572042,0.59406,0.615161,0.635314,0.654487,0.672651,0.689778,0.705841,0.720816,0.734679,0.747409,0.758988,0.769395,0.778617,0.786638,0.793446,0.79903,0.803383,0.806496,0.808366,0.80899,0.808366,0.806496,0.803383,0.79903,0.793446,0.786638,0.778617,0.769395,0.758988,0.747409,0.734679,0.720816,0.705841,0.689778,0.672651,0.654487,0.635314,0.615161,0.59406,0.572042,0.549143,0.525397,0.500841,0.475512,0.449451,0.422696,0.39529,0.367274,0.338692,0.309587,0.280005,0.249992,0.219593,0.188855,0.157826,0.126554,0.0950866,0.0634726,0.0317608,0
0,-0.0326423,-0.0652342,-0.0977255,-0.130066,-0.162206,-0.194096,-0.225687,-0.25693,-0.287776,-0.318179,-0.348091,-0.377467,-0.40626,-0.434427,-0.461924,-0.488709,-0.514741,-0.539978,-0.564383,-0.587918,-0.610547,-0.632233,-0.652946,-0.672651,-0.691319,-0.708921,-0.72543,-0.74082,-0.755068,-0.768152,-0.780052,-0.790748,-0.800226,-0.808469,-0.815466,-0.821206,-0.825679,-0.828879,-0.830801,-0.831442,-0.830801,-0.828879,-0.825679,-0.821206,-0.815466,-0.808469,-0.800226,-0.790748,-0.780052,-0.768152,-0.755068,-0.74082,-0.72543,-0.708921,-0.691319,-0.672651,-0.652946,-0.632233,-0.610547,-0.587918,-0.564383,-0.539978,-0.514741,-0.488709,-0.461924,-0.434427,-0.40626,-0.377467,-0.348091,-0.318179,-0.287776,-0.25693,-0.225687,-0.194096,-0.162206,-0.130066,-0.0977255,-0.0652342,-0.0326423,-5.435e-17,0.0326423,0.0652342,0.0977255,0.130066,0.162206,0.194096,0.225687,0.25693,0.287776,0.318179,0.348091,0.377467,0.40626,0.434427,0.461924,0.488709,0.514741,0.539978,0.564383,0.587918,0.610547,0.632233,0.652946,0.672651,0.691319,0.708921,0.72543,0.74082,0.755068,0.768152,0.780052,0.790748,0.800226,0.808469,0.815466,0.821206,0.825679,0.828879,0.830801,0.831442,0.830801,0.828879,0.825679,0.821206,0.815466,0.808469,0.800226,0.790748,0.780052,0.768152,0.755068,0.74082,0.72543,0.708921,0.691319,0.672651,0.652946,0.632233,0.610547,0.587918,0.564383,0.539978,0.514741,0.488709,0.461924,0.434427,0.40626,0.377467,0.348091,0.318179,0.287776,0.25693,0.225687,0.194096,0.162206,0.130066,0.0977255,0.0652342,0.0326423,0
